%test case

u1=randn(50,2)
band11=[0 0.5]
nu1=2

u2=randn(200,4)
band21=[0 1]
nu2=4

u3=randn(500,3)
band31=[0.2 0.7]
nu3=3

u4=randn(2000,2)
band41=[0.5 1]
nu4=2
u5=randn(2500,2)
band51=[0.15 0.6]
nu5=2